-29
28
-16
16
0000000000000000000000000000000000000000000000000000000000
0221111111111221111111111111111111111111111111111111111110
0211111111111122111111111111111111111111111111111111111110
0211111111111112111111111111111111111111111111111111111110
0211111111111112111111111111111111111111111111111111111110
0211111111111112111111111111111111111111111111111111111110
0211111111111122111111111111111111111111111111111111111110
0211111111111122111111111111111111111111111111111111111110
0221111111111221111111111111111111111111111111111111111110
0222111111111221111111111111111111111111111111111111111110
0122211111112211111111111111111111111111111111111111111110
0112221111122211111111111111111111111111111111111111111110
0111222211222111111111111111111111111111111111111111111110
0111122211221111111111111111111111111111111111111111111110
0111111111111111111111111111111111111111111111111111111110
0111111111111111111111111111111111111111111111111111111110
0111111111111111111111111111111111111111111111111111111110
0111111111111111111111111111111111111111111111111111111110
0111111111111111111111111111111111111111111111111111111110
0111111111111111111111111111111111111111111111111111111110
0111111111111111111111111111111111111111111111111111111110
0111111111111111111111111111111111111111111111111111111110
0111111111111111111111111111111111111111111111111111111110
0111111111111111111111111111111111111111111111111111111110
0111111111111111111111111111111111111111111111111111111110
0111111111111111111111111111111111111111111111111111111110
0111111111111111111111111111111111111111111111111111111110
0111111111111111111111111111111111111111111111111111111110
0111111111111111111111111111111111111111111111111111111110
0111111111111111111111111111111111111111111111111111111110
0111111111111111111111111111111111111111111111111111111110
0111111111111111111111111111111111111111111111111111111110
0111111111111111111111111111111111111111111111111111111110
