-29
29
-17
17
00000000000000000000000000000000000000000000000000000000000
00000000000000000000000000000000000000000000000000000000000
02222222222222222211111111111111111111111111111111111111100
02222222222222222211111111111111111111111111111111111111100
02222222222222222211111111111111111111111111111111111111100
02222222222222222211111111111111111111111111111111111111100
02222222222222222211111111111111111111111111111111111111100
02222222222222222111111111111111111111111111111111111111100
02222222222222222111111111111111111111111111111111111111100
02222222222222222111111111111111111111111111111111111111100
02222222222222221111111111111111111111111111111111111111100
02222222222222211111111111111111111111111111111111111111100
02222222222222111111111111111111111111111111111111111111100
01222222222222111111111111111111111111111111111111111111100
01122222222221111111111111111111111111111111111111111111100
01111222222211111111111111111111111111111111111111111111100
01111112222111111112222222222222211111111111111111111111100
01111111222222222222222222222222221111111111111111111111100
01111111122222222222222222222222221111111111111111111111100
01111111112222222221111111111111222111111111111111111111100
01111111111111111111111111111111222111111111111111111111100
01111111111111111111111111111111222111111111111111111111100
01111111111111111111111111111111222111111111111111111111100
01111111111111111111111111111111111111111111111111111111100
01111111111111111111111111111111111111111111111111111111100
01111111111111111111111111111111111111111111111111111111100
01111111111111111111111111111111111111111111111111111111100
01111111111111111111111111111111111111111111111111111111100
01111111111111111111111111111111111111111111111111111111100
01111111111111111111111111111111111111111111111111111111100
01111111111111111111111111111111111111111111111111111111100
01111111111111111111111111111111111111111111111111111111100
01111111111111111111111111111111111111111111111111111111100
01111111111111111111111111111111111111111111111111111111100
00000000000000000000000000000000000000000000000000000000000
